    57.233     39.439
   -32.407      -48.9
    40.829    -60.664
   -11.179    -89.823
   -39.995    -34.162
    72.545    -15.886
   -8.0017    -75.561
    89.648    -75.506
    92.997     98.052
   -98.889    -37.456
   -32.438     27.802
    90.479    -66.316
    12.036      5.567
   -80.277    -40.563
    28.026    -79.204
   -10.126    -14.741
    60.235     57.467
    36.359     1.0638
    96.803     -74.82
    11.241    -43.192
   -8.9821    -16.214
    40.922     83.016
    8.2245     30.569
    -92.49     1.2219
    28.621    -91.379
    63.766     96.183
    36.423     54.245
   -70.132     -51.54
   -40.188    -50.409
    7.8964     87.838
   -29.613     97.771
   -26.903    -69.378
    55.238    -90.544
    31.685     52.041
   -65.364    -57.074
   -91.151     25.653
    26.712      49.77
    8.6697    -65.063
    -19.66      16.18
    36.159    -91.039
    24.801  -0.075573
   -94.856    -38.775
   -45.831    -64.988
    9.6844     13.981
   -15.397    -82.419
    1.8188      54.99
   -84.648     74.915
    85.611     70.589
    84.371     17.297
     22.63    -80.993
    60.223     31.478
     44.66    -13.064
   -18.751     -46.67
    21.872     61.589
     69.51    -41.969
    70.549    -5.6887
    57.956     75.693
    55.536    -87.875
   -89.295     -34.78
    26.106     -4.692
   -17.199    -72.075
   -49.702    -1.8473
    -97.16    -64.091
   -31.258     87.211
    53.206     91.372
   -93.782     13.429
     22.85     50.878
   -99.635    -95.901
   -95.792     22.237
    65.688     73.718
    80.269     36.237
    -31.97     38.224
     11.93    -76.434
    50.349     22.635
   -11.214    -23.545
   -82.057     71.587
    4.3796    -31.759
    -30.26     7.2198
    4.1506     38.482
   -5.5688    -42.643
    29.853    0.64934
    70.786    -47.297
   -48.472     71.151
   -43.198    -44.264
   -6.6112     -77.51
   -70.546    -26.343
    58.727    -2.5164
   -88.119    -29.343
    21.049      62.23
    93.292    -90.165
   -61.315    -88.764
    81.422     43.065
   -20.523    -48.838
   -49.715     83.627
    89.643     44.716
   -59.016     19.496
   -54.635    -88.229
      72.2    -3.1071
    82.922    -70.998
    52.629    -23.689
   -48.509     82.083
    49.968    -89.782
   -20.434      61.85
   -19.125    -99.385
     24.08    -25.833
   -89.549     62.765
   -14.598     91.873
0	0
