25.4445 -50.5525   26.071  68.7507 -0.39991  70.6611 -76.4065  45.1557    16.18 
-76.3841  28.0976 -86.6578  2.90466  96.9601 -48.2655  30.0129 -39.9556 -7.40662 
-88.5808   99.771 -48.0206  12.4751 -5.47536  69.5043 -2.32109 -15.5798  54.0909 
-27.5145  -39.137  32.0361   -63.15 -10.2234 -58.4905 -16.9902  -56.286   63.948 
-46.7872  71.2663   34.054  58.4421  33.8909 -42.4906  40.6246  44.9774  99.4405 
 14.0852  39.0626  33.1849  86.2318 -66.4992 -1.02453  70.4443  52.1883 -3.09445 
 -92.074 -41.6321  71.5671 -2.83171 -58.1452 -95.4736 -73.3962  57.4277 -79.3975 
 96.0792  47.5213 -65.3245  11.2495  3.10633  5.99628  63.3635 -62.3119  53.5811 
 22.9615 -31.1959 -22.0874 -91.8412  54.8704  67.4107   26.876  76.6476  75.7639 
-48.1356 -56.5526  50.4511  54.9826 -36.6341  35.5459 -98.0741 -32.3035 -76.6763 
 44.0605 -49.8745   97.069 -25.5961  81.0261  98.3424 -37.6254 -56.1966 -94.8224 
-44.7343  8.06894   52.831  35.5787  2.12218  -74.513  48.8843  56.9284  70.4443
