  21.181 59.402
 -77.853 39.207
   83.73 -52.923
-0.17736 -28.457
   10.11 -70.042
  69.957 32.26
  55.221 65.832
  3.7183 -92.24
 -25.496 28.232
 -93.365 -38.623
  44.493 -82.082
   43.06 60.986
  22.958 50.848
 -15.131 -54.87
  34.477 -93.034
 -69.728 -44.342
  66.368 -47.582
  94.865 50.098
-0.50462 -5.3121
  -78.36 -90.394
  24.646 91.597
  41.865 -20.133
  57.429 -54.417
 -12.373 -68.068
  73.815 -5.738
 -6.6902 18.308
   12.18 -63.63
 -20.705 -64.862
  87.218 64.164
 -19.732 21.695
   71.13 10.54
  77.353 37.498
  62.958 72.219
 -12.405 -37.546
 -33.094 9.2357
 -27.941 91.552
 0.83271 -86.076
 -28.581 -41.739
 -40.492 59.045
 -9.8062 -66.677
 -46.693 83.504
  51.631 65.487
 -80.127 -69.074
 -99.375 -92.908
   95.09 -19.107
  28.787 66.22
  91.433 6.1403
  3.7174 54.392
 -21.641 91.313
 -83.155 45.265
 0.54848 -11.095
  36.817 -98.619
  2.8291 -91.764
 -40.357 62.337
  67.281 49.836
   95.66 -79.412
   33.34 47.291
  86.075 53.213
  78.217 86.7
  60.305 73.307
 -32.407 -10.908
  39.527 -40.974
  95.233 -56.756
 -86.582 -26.409
 -65.443 -69.737
 -81.143 35.106
  19.167 55.674
  36.487 -78.003
   63.91 96.13
  84.334 31.191
  45.966 79.994
  51.779 -20.694
  27.285 37.854
 -67.481 5.5023
  24.554 92.825
  -21.19 92.147
 -18.083 -81.663
 -48.827 -22.851
 -38.419 -35.409
  50.741 -3.8617
 -5.1465 69.597
 -68.756 -85.979
  25.271 67.731
 -63.982 -10.818
   63.86 -79.649
 -79.627 9.8264
 -99.655 72.152
  89.132 27.63
  10.007 -78.348
 -66.868 -65.439
 -85.524 11.942
 -73.292 -3.6071
  30.278 -22.119
  73.542 91.859
  42.472 24.283
 -12.002 -62.675
 -6.1199 19.242
 -48.654 -80.848
 -13.027 -12.636
       0 0