
-49.4786  86.9566  34.4033  27.0815  40.9869 -17.6528  37.2082 
 60.3221  42.5999  6.29842 -46.9243 -99.0858  6.15622 -39.2809 
-83.9306 -55.5569 -25.1886 -75.5792  26.7821  50.8604 -90.8419 
-64.3009 -79.7074 -65.5381  62.8926  36.1564  51.6466 -45.1939 
-77.9224  59.9324 -67.3162 -40.4691  29.9248  23.6954 -82.2873 
-9.99998 -15.6443  21.1808  43.5003   -39.42 -84.2271 -65.5381 
 67.4195 -84.9091  34.7354 -73.4348 -35.6109 -90.6458 -88.3966 
-12.6409  17.9975  -59.257 -53.0876    24.66  7.45106  38.2144 
-42.3651  74.1287 -52.3913 -8.31276 -79.0751  32.1673  99.9311 
-51.0223 -58.1938  62.2775 -1.10649  63.2829  66.9713 -76.5597 
 29.8049 -11.7337 -3.39439 -87.5058 -48.3853  26.5583 -77.5661 
 57.8536  -99.753 -66.1006  43.1681 -65.5381 -57.9384 -65.5381 
 87.8675 -46.9173 -59.4088  72.9625  70.3273  91.2526 -86.2176 
